	67100000
	100000000
	22800000
	6790000
	100000000
	68300000
	13800000
t	69600000
	41400000
	100000000
	67900000
	3180000
K	588000
	9600000
	7340000
j	367000
	100000000
	81600000
	100000000
ŵ	100000000
	2360000
	8110000
	100000000
	14900000
ʻ	100000000
	12300000
ض	32500000
	100000000
	100000000
	16600000
פ	100000000
	3090000
	9810000
	20200000
	100000000
	100000000
	77400000
	100000000
	10200000
	100000000
	45700000
	100000000
è	100000000
ľ	100000000
	97900000
	100000000
׫	100000000
	17200000
	71800000
	67600000
	100000000
c	446000
	63000000
ۢ	37300000
	100000000
	90800000
	6590000
ѡ	100000000
	100000000
	12800000
	87500000
ҥ	100000000
	100000000
	334000
	100000000
ٸ	69900000
ذ	80000000
	49000000
	68200000
	90800000
	32800000
	3810000
Ο	7460000
	100000000
	100000000
Ī	100000000
	5490000
	100000000
	100000000
	27100000
	100000000
	2500000
	19100000
æ	100000000
	77400000
	100000000
	92800000
	5000000
	10800000
	68900000
	100000000
	3920000
۩	11500000
	100000000
	100000000
	100000000
	3260000
м	100000000
	100000000
	14200000
	100000000
	100000000
	100000000
	16900000
	6880000
	79800000
	100000000
	100000000
	100000000
	100000000
٣	8930000
d	2740000
	71400000
	36900000
	100000000
	84600000
	100000000
	4200000
	100000000
f	100000000
~	3950000
	100000000
	13200000
	83200000
Ŧ	100000000
	100000000
	69300000
	67300000
	8680000
	100000000
	572000
	7990000
	23100000
	100000000
L	2120000
	100000000
	12300000
	100000000
	100000000
	16100000
	32300000
	100000000
y	2800000
	100000000
	2740000
ڦ	21000000
Ķ	100000000
	100000000
׬	100000000
	100000000
	100000000
߾	14200000
ç	96000000
	8000000
	71600000
	15400000
	69700000
	21600000
	100000000
	100000000
ޤ	47300000
	5710000
	2300000
	3360000
H	9100000
	4960000
	3710000
	17800000
	60400000
	4330000
ʰ	100000000
	100000000
	74700000
߯	72500000
	82600000
E	822000
	100000000
	43400000
	75000000
	76400000
	13700000
m	5650000
	7820000
	2060000
	100000000
	68900000
	91900000
	6820000
ǥ	79000000
ɤ	100000000
	100000000
ʯ	100000000
	100000000
	90100000
	100000000
	100000000
֢	100000000
	65400000
	19900000
	100000000
	100000000
	73600000
K	2420000
	100000000
Ե	100000000
	47600000
ӡ	100000000
	9700000
Ź	100000000
	82800000
	4470000
	100000000
	80600000
j	978000
ߴ	81800000
	71700000
	90300000
	1550000
ͺ	100000000
	14200000
	907000
	50200000
	35900000
	6340000
	95500000
	8410000
	100000000
	100000000
	100000000
	100000000
	9630000
	9160000
	53800000
	100000000
	100000000
	100000000
	28000000
	92900000
	100000000
	100000000
	100000000
	9240000
	100000000
	13700000
Ѧ	100000000
X	1490000
	98400000
	10100000
	100000000
	76300000
	71100000
ب	79900000
Ө	100000000
	18000000
	63700000
	83800000
	69600000
	100000000
	100000000
	100000000
	100000000
ݬ	72900000
	100000000
	22700000
	100000000
	2740000
	10300000
	100000000
	50700000
	100000000
	87500000
ҭ	83200000
	2170000
e	681000
	20300000
	100000000
	100000000
	69100000
	5240000
	70000000
	63900000
	13600000
	7030000
	100000000
	94500000
	21000000
	100000000
ޮ	7360000
	7990000
	100000000
	24800000
	100000000
ư	92200000
	94800000
	100000000
	68900000
	24300000
	83500000
	78000000
α	100000000
	79100000
	100000000
	100000000
	100000000
	100000000
T	867000
	73000000
[	465000
	5510000
	100000000
	100000000
	76500000
	4540000
	100000000
	70100000
	100000000
	36900000
	100000000
	1520000
	11900000
Τ	100000000
	41800000
	100000000
	100000000
Ϫ	100000000
	100000000
	100000000
	68600000
	100000000
	3530000
	100000000
	12100000
	100000000
	100000000
	100000000
	100000000
	24200000
	79800000
	11100000
	88900000
t	70300000
ְ	100000000
	6400000
|	1010000
	29100000
	23600000
	82200000
	8490000
	569000
	73500000
	80900000
	100000000
Z	1650000
	5320000
	100000000
	12600000
	58900000
	25200000
	9940000
	100000000
پ	14900000
	17400000
	100000000
	100000000
	69300000
	100000000
	100000000
	29100000
	91000000
	89000000
	100000000
	88500000
	100000000
	100000000
	346000
ɵ	100000000
	79300000
	74400000
	5650000
	100000000
H	10400000
	100000000
	100000000
	43900000
	10200000
	100000000
	67200000
	69600000
	80300000
	19800000
	100000000
	18700000
	652000
H	3230000
	4640000
	100000000
߲	69700000
	100000000
׭	92500000
	100000000
	94100000
®	90500000
	66800000
	90500000
ũ	100000000
	100000000
	100000000
	100000000
	100000000
	100000000
	7330000
	7720000
	18700000
	100000000
	23100000
	100000000
	34600000
	71800000
	9650000
	86000000
	44800000
	4870000
	10300000
	100000000
	100000000
Ӭ	100000000
ݹ	27700000
	100000000
	26800000
	100000000
ļ	100000000
	43400000
	74800000
	100000000
t	12200000
	16400000
ڶ	78700000
	7710000
	100000000
	2410000
	70800000
	100000000
	100000000
	33600000
	100000000
	100000000
	100000000
	100000000
	9420000
	555000
	100000000
	65800000
	90500000
	5390000
	100000000
	38100000
	2870000
	50000000
	3030000
o	467000
î	97100000
	73300000
	15800000
	2750000
	8620000
	10600000
	10500000
	100000000
̳	100000000
	89000000
	100000000
	100000000
	14600000
	100000000
	6980000
	95800000
	100000000
	83800000
	13300000
	100000000
	100000000
	100000000
	1790000
	100000000
	36300000
	100000000
	71500000
	96000000
	70500000
	9180000
	6120000
	68900000
	100000000
	66600000
	12700000
	100000000
ƥ	100000000
	28200000
	100000000
	100000000
	815000
к	100000000
	100000000
	100000000
	5170000
	100000000
	100000000
	100000000
	96000000
	71700000
	5470000
a	3090000
	10800000
	100000000
ݯ	49700000
ۻ	72800000
	100000000
	20900000
	10300000
S	1890000
	81600000
ǹ	100000000
	86200000
	100000000
	100000000
	100000000
	31600000
	32100000
ګ	73500000
	1570000
	100000000
ƺ	100000000
	37600000
	100000000
	33700000
	100000000
	96800000
	56800000
	1940000
	100000000
	100000000
	71700000
	100000000
	5090000
	100000000
	2160000
	71800000
	10900000
	3390000
Ӱ	100000000
	73900000
	66100000
	89300000
	12700000
	29800000
	19900000
	100000000
	82200000
	71700000
ۏ	16100000
	764000
	5870000
̦	100000000
	100000000
	100000000
	52500000
	91700000
	6360000
	40500000
	100000000
	100000000
	100000000
h	1220000
	100000000
	100000000
	83000000
	67200000
	76700000
ؿ	67700000
	100000000
Ȣ	100000000
	17800000
	100000000
	3290000
	73300000
	18400000
Ƚ	96000000
	406000
	11100000
	100000000
	56500000
̼	100000000
ͦ	100000000
	9280000
	16500000
	52500000
	87900000
B	837000
	100000000
Ǯ	100000000
	100000000
	358000
	100000000
	73400000
e	3140000
	100000000
	100000000
	100000000
	10400000
	12200000
	100000000
	1910000
	100000000
	72300000
	100000000
	30500000
	100000000
	100000000
	100000000
	100000000
ڼ	70400000
	60700000
Ȩ	100000000
β	100000000
	2940000
	100000000
	11500000
	92400000
	100000000
	100000000
	100000000
	4240000
	13600000
	100000000
	11700000
	5950000
	100000000
	84700000
	100000000
q	1530000
	99200000
	68700000
	82300000
ث	45700000
	87500000
	100000000
	100000000
	90300000
ȋ	508000
	2130000
	13800000
	59500000
	79300000
ݲ	6450000
	8730000
	100000000
	100000000
	100000000
	75700000
	100000000
	100000000
	100000000
	84200000
	73900000
	14900000
	84000000
	19800000
	21400000
	31900000
	100000000
	4820000
	15500000
	100000000
	15100000
	100000000
	4940000
	69200000
	82300000
	100000000
	14600000
	72700000
	100000000
	12400000
	100000000
ԯ	83800000
	85100000
	92400000
	10000000
	100000000
ξ	100000000
	72800000
	100000000
	100000000
ż	100000000
	100000000
m	713000
	9600000
	100000000
	37200000
	100000000
ݩ	47900000
	9160000
	6450000
޹	75800000
	100000000
	3350000
	9180000
	99300000
	67600000
	100000000
֤	100000000
	19600000
	100000000
	914000
	84000000
	10400000
	100000000
	14700000
	11200000
	617000
	64100000
~	43400000
	75400000
	8800000
	100000000
	100000000
	100000000
	13000000
	18300000
	12100000
X	546000
	19800000
ֶ	100000000
b	487000
	100000000
ط	69500000
	78700000
	100000000
׶	100000000
	41100000
	100000000
	73500000
	100000000
	100000000
	76600000
	100000000
	64400000
Q	6470000
	100000000
	28300000
	15900000
	100000000
	9010000
	7100000
	100000000
	20800000
	66200000
	578000
ܰ	99700000
	100000000
	100000000
	70700000
	100000000
	1920000
	22800000
	100000000
	98700000
	100000000
	100000000
	67000000
	4820000
	14700000
	100000000
	4180000
	20500000
ҽ	100000000
D	100000000
	52900000
ʴ	100000000
	91000000
	45400000
i	5310000
	22900000
Ĭ	100000000
	48400000
	100000000
	62300000
İ	100000000
ݺ	100000000
	35300000
W	2560000
	100000000
	89000000
\	7000000
	100000000
	100000000
	100000000
	100000000
	100000000
	100000000
	88200000
	100000000
	100000000
Х	100000000
	5780000
	100000000
	100000000
	9780000
	18700000
	100000000
	100000000
	100000000
	18400000
	9130000
	22400000
	100000000
	12400000
	67000000
	100000000
	100000000
	100000000
	100000000
	100000000
	78600000
u	100000000
	100000000
Ÿ	89100000
	31100000
	23700000
	100000000
	74600000
޺	77400000
r	100000000
	88900000
	20900000
Ӿ	100000000
	100000000
߻	74600000
	100000000
	82600000
	52800000
ʩ	100000000
	100000000
	4280000
	15100000
	100000000
̩	100000000
	26700000
	19900000
	100000000
	100000000
@	485000
	66100000
	30800000
	5920000
	16300000
m	15400000
	62100000
	83800000
	10400000
U	1370000
	18000000
	88700000
	82300000
h	100000000
	48400000
	96300000
	5260000
	68700000
	2670000
	100000000
	100000000
	71000000
	100000000
	10500000
	41800000
	100000000
	100000000
	100000000
	100000000
Ѭ	100000000
	24600000
	16600000
	100000000
	64600000
	605000
	100000000
	100000000
	67000000
	100000000
	3980000
	33000000
	100000000
	67500000
	18000000
	41400000
	6730000
	100000000
	24800000
	79000000
	2010000
	58100000
	86200000
	5730000
ۯ	19400000
ج	93700000
	100000000
	100000000
	91800000
R	1940000
	4820000
ˣ	100000000
	66100000
۲	9030000
|	1020000
о	100000000
	100000000
	100000000
	66200000
²	88600000
	100000000
	100000000
l	367000
	6680000
	100000000
	21500000
	45300000
s	1310000
	100000000
	16700000
	68300000
	88500000
ǲ	100000000
	100000000
	100000000
	4250000
	35400000
	11300000
	82600000
	2530000
	85000000
	85800000
ʪ	100000000
	98500000
	331000
	100000000
ʮ	100000000
	32100000
	1570000
	17600000
	100000000
	4440000
	1500000
	100000000
	100000000
	4530000
	3640000
	100000000
	81400000
	100000000
	27800000
	31900000
ף	100000000
ܾ	23100000
	72600000
	24400000
	22500000
޻	13400000
ױ	100000000
	100000000
	36500000
	100000000
	2860000
	56100000
	1130000
	30500000
	32000000
	91100000
	21400000
	100000000
	83400000
	100000000
ƻ	84600000
׽	100000000
	77400000
ñ	100000000
	70500000
	69900000
	100000000
	100000000
	9970000
	100000000
ަ	26500000
Ů	100000000
	100000000
	100000000
	3300000
	42200000
C	1030000
	12200000
	81200000
	73300000
	7460000
	81900000
	100000000
	41900000
	100000000
	20300000
	73800000
	3570000
ܲ	83200000
	100000000
ږ	8370000
	75600000
	100000000
	6350000
	97600000
	100000000
	70200000
	47000000
	100000000
	100000000
	80700000
	11300000
	10500000
	66300000
	16400000
	67600000
	100000000
h	71900000
	66900000
ϐ	1610000
ѱ	100000000
	100000000
	100000000
	21800000
	10500000
	100000000
	100000000
	80700000
	100000000
	100000000
	100000000
	100000000
Ϩ	100000000
	100000000
	2660000
d	5030000
	92200000
	72500000
	73900000
ֿ	100000000
	100000000
	100000000
Z	836000
	12200000
	100000000
Ƭ	100000000
Ӽ	81400000
յ	100000000
	66700000
	100000000
	75100000
	26200000
ܣ	8640000
	48300000
	100000000
	100000000
	21700000
	77600000
	70100000
	100000000
	74800000
	25700000
	100000000
	7600000
@	1760000
	100000000
	12900000
ݧ	2230000
	55100000
ߪ	67200000
d	541000
	100000000
	85100000
	100000000
	100000000
	14700000
	8600000
	22000000
y	319000
	83500000
	3380000
X	800000
	100000000
	67300000
	100000000
	100000000
	100000000
ɮ	100000000
	5370000
	35600000
	65600000
	100000000
X	2980000
	958000
	100000000
m	537000
	72100000
	76500000
	13900000
Ʋ	100000000
	100000000
	100000000
	100000000
	17700000
	9680000
	92600000
	39000000
	100000000
֥	100000000
ߧ	5850000
Ӵ	100000000
	100000000
	20100000
	100000000
	86200000
	100000000
	100000000
	100000000
Ƽ	100000000
	100000000
	87800000
	100000000
	51800000
	100000000
	76600000
	100000000
	40300000
	15300000
	100000000
	83000000
	100000000
Ȧ	100000000
ت	18300000
	2360000
	68300000
	54400000
	81000000
	5450000
	100000000
Ӹ	82900000
	100000000
	100000000
Ѳ	100000000
a	577000
	83500000
G	7040000
	80400000
ģ	100000000
	97000000
	100000000
	71200000
	69200000
	72800000
u	716000
	100000000
Ĺ	100000000
@	24100000
	100000000
	100000000
	89400000
	97000000
	100000000
ۼ	69100000
	7890000
	73500000
V	426000
	81700000
߷	50500000
	69000000
ů	100000000
	66000000
	8500000
	51100000
	100000000
	74800000
	80900000
	2830000
	9460000
	88800000
	73700000
	91100000
	70900000
	20600000
	100000000
η	100000000
	1830000
	81700000
	100000000
	100000000
	52100000
	68800000
	22800000
	100000000
	73400000
	100000000
	69400000
	76800000
	22100000
	100000000
	81300000
	12100000
ɢ	100000000
	100000000
	100000000
	5660000
	26700000
	100000000
	100000000
ϲ	100000000
	2810000
	100000000
	94500000
	77700000
	408000
	6700000
	100000000
	100000000
	14700000
	100000000
|	4250000
	61500000
	62400000
	66400000
	6850000
	100000000
	100000000
	792000
	67700000
µ	100000000
	100000000
	16100000
	96700000
	7780000
Ѷ	100000000
͹	100000000
	100000000
	100000000
	14000000
	100000000
	88500000
	1600000
	100000000
	70800000
ե	100000000
	71600000
÷	100000000
	100000000
	77100000
	12700000
	7430000
¥	100000000
	74900000
Ǭ	100000000
۽	30300000
	100000000
	375000
׷	100000000
	88300000
	10700000
	44300000
_	9610000
	10600000
f	6420000
	100000000
	61500000
˭	100000000
	100000000
ծ	100000000
ת	100000000
	642000
	100000000
	100000000
	100000000
	3300000
	74000000
ߥ	26400000
	100000000
	7080000
	7280000
Ҹ	100000000
	6890000
	76800000
	2360000
	16100000
	100000000
	100000000
	78900000
	100000000
	80800000
	73100000
߽	67200000
ٴ	8670000
	2160000
	12600000
m	1910000
	100000000
մ	100000000
	68000000
	636000
	17500000
S	1020000
	70300000
	18300000
	2480000
	38100000
	68400000
	100000000
ܭ	16200000
	100000000
	100000000
	2620000
	14200000
T	5490000
	100000000
	5080000
e	11300000
	41800000
	911000
	100000000
	98700000
	44700000
	100000000
	100000000
	100000000
	100000000
	23800000
ʹ	100000000
ݾ	4750000
	74800000
	13300000
	100000000
Ժ	100000000
	70600000
	100000000
	100000000
	70200000
	2150000
	80600000
å	56900000
	43100000
	11800000
	85500000
	65700000
	100000000
	100000000
ӭ	100000000
	41200000
	91000000
	67900000
	100000000
̾	100000000
	20000000
ܪ	1810000
	35600000
	100000000
	100000000
	9540000
	100000000
	75500000
	34900000
޴	21500000
	100000000
	83900000
	100000000
	69600000
	19600000
	54600000
	93500000
	29700000
Ѱ	100000000
	100000000
	100000000
	30900000
	71200000
	100000000
	100000000
	92400000
	100000000
	100000000
	4390000
	35800000
	100000000
	100000000
	66100000
	83900000
	16000000
	100000000
Ӯ	100000000
	99900000
	81400000
	100000000
װ	100000000
	34700000
	100000000
	4020000
	55100000
	100000000
	8740000
	12200000
	100000000
S	67400000
	2650000
	100000000
	100000000
	100000000
v	16000000
߳	77900000
M	100000000
	98800000
	47200000
	49300000
һ	100000000
	11200000
	67400000
	2920000
	5550000
	100000000
Ց	546000
	100000000
	98300000
	36000000
	2370000
	276000
	100000000
	83300000
ק	100000000
	14800000
	6050000
	100000000
B	1270000
	2020000
	100000000
	100000000
	100000000
֯	100000000
	66200000
	100000000
	44600000
	100000000
	100000000
	100000000
f	552000
	100000000
	100000000
	2640000
	14400000
	13000000
	23600000
	100000000
j	937000
	70500000
	100000000
	100000000
	4700000
	100000000
¡	100000000
	8790000
t	740000
	4270000
	78400000
`	1500000
	100000000
	100000000
̈́	650000
	100000000
	4460000
	4890000
Ĵ	100000000
	803000
	100000000
	4760000
ۭ	34700000
	100000000
f	4660000
	4020000
	90700000
	100000000
]	686000
	100000000
	74100000
	83100000
	71600000
̈	617000
Ф	100000000
	84200000
	100000000
	29500000
ˏ	836000
