G	1010000
	61400000
	5680000
ܴ	21100000
	2900000
˯	100000000
	92400000
	100000000
	100000000
	100000000
	100000000
	72400000
	6350000
	27900000
P	595000
	19900000
	77700000
	100000000
	35000000
	100000000
	100000000
	100000000
	18200000
	100000000
	12900000
ֽ	100000000
	100000000
˴	95600000
	100000000
ժ	100000000
	22400000
	15400000
	32000000
Ϣ	100000000
	100000000
	93500000
Ш	93500000
	100000000
ѿ	100000000
	94300000
	100000000
	100000000
c	900000
G	13000000
	100000000
	100000000
	100000000
}	348000
	14300000
	100000000
	100000000
	100000000
G	6430000
	98800000
	54100000
	100000000
	100000000
	45800000
	100000000
	63100000
	77900000
	100000000
	100000000
	19600000
G	2320000
ǩ	100000000
	16300000
	100000000
	66600000
	12100000
	100000000
	5030000
	100000000
	100000000
ͧ	100000000
	14900000
	2050000
	21200000
	3610000
	45900000
	2180000
	32300000
	4010000
ۦ	5240000
	100000000
	95400000
	100000000
	19400000
޳	8260000
	100000000
	87000000
	5200000
	1880000
	11000000
	100000000
	100000000
	31100000
	11500000
	55000000
	100000000
	50500000
	100000000
	100000000
۹	4800000
	3290000
	100000000
	80000000
	100000000
	43300000
	100000000
	100000000
	19500000
	36200000
	100000000
	73400000
خ	63200000
	100000000
	90900000
	100000000
ӯ	100000000
	86600000
	77300000
	87300000
	100000000
	100000000
F	1130000
	100000000
	4420000
	100000000
	96600000
֬	100000000
	26200000
Ȥ	100000000
	99400000
	9230000
	7580000
	100000000
	100000000
	100000000
	73300000
	100000000
	29700000
	100000000
ɼ	96100000
	71400000
	69800000
	71400000
	66500000
	84100000
	100000000
	100000000
	100000000
o	581000
ء	52800000
	92100000
	20400000
	100000000
Ͳ	100000000
	69900000
	6940000
	5060000
	100000000
	100000000
	100000000
	100000000
	39900000
|	3040000
	26600000
ڡ	50500000
	100000000
	100000000
	100000000
̥	100000000
	85600000
t	7010000
	14100000
	72800000
	100000000
	100000000
ϯ	100000000
ҡ	100000000
	100000000
Q	2110000
	30800000
	100000000
ɴ	100000000
D	3230000
	55300000
٦	12100000
	36400000
	100000000
	100000000
	9740000
	44100000
	86200000
	100000000
	100000000
	1090000
	3120000
	13800000
	100000000
ɸ	100000000
ҩ	100000000
	100000000
	70500000
	100000000
	13400000
׻	84800000
	100000000
	79000000
Y	4170000
	31700000
ǧ	100000000
	100000000
Ы	100000000
	21700000
	5410000
	73300000
	39000000
	38600000
	14000000
	89600000
	70300000
	90900000
	100000000
ݪ	76300000
	887000
	30100000
	16900000
٬	42800000
ϳ	87600000
	87100000
	100000000
	71200000
ݨ	3450000
	100000000
	100000000
	86600000
	100000000
ń	409000
͝	250000
	31600000
	100000000
h	4660000
	4460000
԰	100000000
	83100000
	84400000
	71200000
	100000000
	94300000
	100000000
	10800000
	100000000
	100000000
	12700000
	7880000
	100000000
	91400000
	3570000
	100000000
	5100000
Ŀ	100000000
	1360000
	66500000
	60800000
	89000000
	2080000
	7020000
	2780000
	100000000
Ǥ	84100000
	28100000
y	100000000
	100000000
D	33600000
	100000000
	17400000
	69100000
	12200000
	6540000
	100000000
	10200000
	100000000
	74900000
	44800000
	100000000
	7290000
	100000000
	100000000
	100000000
	100000000
	66700000
	47300000
	74700000
J	8130000
ȫ	100000000
	89100000
ǻ	100000000
	100000000
	66500000
	9770000
	72900000
H	3240000
͢	99000000
	2670000
	100000000
	100000000
k	563000
	100000000
	65600000
	3780000
	49900000
	100000000
	5930000
	25700000
	100000000
	77900000
	17200000
	6520000
	100000000
_	5240000
	1910000
	6340000
ä	100000000
V	14700000
	71100000
ƨ	100000000
	29400000
	100000000
	86200000
߿	9660000
	672000
	2820000
ǭ	86300000
	6050000
	11600000
	100000000
ƣ	100000000
	19900000
	2020000
	64200000
	85300000
	100000000
	100000000
	100000000
	68100000
	5960000
ئ	68700000
	10500000
	32000000
	21600000
	61800000
ȯ	100000000
	100000000
Z	469000
	100000000
	6170000
	7890000
ڸ	71100000
ƪ	100000000
	72500000
Ϻ	100000000
	50000000
	43800000
	11400000
	100000000
	6440000
̿	100000000
	100000000
	100000000
	100000000
	52200000
	100000000
	48800000
	13500000
	71400000
Ԣ	100000000
	100000000
	100000000
h	601000
	100000000
	72900000
	100000000
ڨ	65400000
	50600000
	100000000
	604000
	31300000
۶	12500000
	89300000
S	100000000
	95800000
	68700000
	85200000
	67300000
	19400000
	32000000
	52300000
	72000000
ɥ	100000000
	1440000
F	481000
	100000000
̯	100000000
	100000000
	30000000
	100000000
	4040000
	84100000
	9520000
	7690000
	87100000
	65800000
	67500000
	100000000
ʿ	100000000
	79900000
	100000000
	57800000
	94900000
	100000000
	100000000
	100000000
	100000000
	100000000
	1860000
	81400000
	100000000
	76400000
	77200000
Ͻ	100000000
	100000000
	74400000
	70900000
	30700000
	2710000
	5120000
	18300000
	88500000
	79200000
	10600000
	100000000
	100000000
	100000000
	68300000
	15200000
	3690000
	96100000
	77500000
	34600000
	100000000
Ŷ	100000000
	100000000
	95000000
	100000000
	551000
	100000000
	32600000
	23800000
	100000000
	100000000
	100000000
γ	100000000
	100000000
Ǳ	100000000
	3890000
	100000000
	18700000
	100000000
	6330000
M	775000
	23000000
	100000000
	100000000
	6170000
	50100000
	84900000
	9650000
	86200000
	19100000
	100000000
٨	7690000
	100000000
	100000000
ۡ	73500000
ҳ	100000000
t	834000
	24200000
˼	100000000
	100000000
	84000000
	18400000
	100000000
	100000000
	100000000
	80400000
ɶ	100000000
	100000000
	14600000
ػ	7030000
	3120000
ָ	100000000
	100000000
e	100000000
	22300000
	87900000
	100000000
	2790000
	66900000
	65100000
	100000000
	100000000
	100000000
	50200000
	6630000
	100000000
	4490000
	68200000
	70000000
	100000000
	5830000
	100000000
	69200000
]	1260000
	100000000
ǰ	100000000
	98300000
	4230000
	82400000
	5250000
	49000000
	100000000
	25000000
Գ	100000000
	100000000
	100000000
	100000000
ï	100000000
	100000000
	63600000
	21100000
آ	47800000
	100000000
	96000000
	100000000
	35400000
	30500000
	100000000
	6680000
	100000000
	67500000
ܻ	15500000
	100000000
	100000000
	17500000
	100000000
	100000000
	3570000
	100000000
	100000000
	100000000
	100000000
z	234000
ֳ	100000000
	100000000
	16400000
	100000000
	100000000
	89400000
	100000000
	92100000
	100000000
	100000000
	100000000
	79300000
٪	70900000
l	3320000
¦	100000000
	32600000
	100000000
˷	100000000
	38700000
Z	1120000
	3720000
	70300000
s	7100000
	100000000
G	776000
ޢ	72300000
	100000000
	16600000
	73000000
	9740000
	100000000
	100000000
R	100000000
	100000000
	100000000
	100000000
	6460000
	100000000
	100000000
	88000000
	92400000
ߗ	28800000
	70900000
̟	716000
	70100000
	100000000
	100000000
	100000000
B	100000000
	87800000
	50500000
@	20500000
	100000000
	14400000
	5990000
	100000000
	100000000
	85000000
	58200000
	100000000
	13300000
	7300000
	79200000
	100000000
	100000000
	81100000
	100000000
	68500000
	100000000
	100000000
U	100000000
	100000000
	9810000
	39500000
ٯ	70500000
	100000000
	3090000
m	100000000
	83600000
O	13700000
\	1340000
	100000000
	100000000
	41300000
ۨ	10600000
	25500000
	100000000
	80000000
@	17400000
	2500000
	81800000
	85400000
	71200000
	99800000
	100000000
	1200000
	100000000
	100000000
	69800000
	68300000
	100000000
Ċ	1210000
	100000000
	1060000
ӝ	3210000
	100000000
	69600000
	100000000
u	1190000
	100000000
ܵ	12900000
	100000000
	14500000
	100000000
	16300000
	75600000
	100000000
ҷ	100000000
	100000000
	29800000
	100000000
	100000000
	10400000
	99100000
	100000000
	100000000
	100000000
	15400000
	100000000
	85500000
	2970000
	69600000
	68600000
	68000000
	4970000
ϥ	100000000
	9740000
	100000000
	4790000
	100000000
	30900000
ݤ	5650000
	100000000
	44600000
ˬ	100000000
	2790000
	85700000
	17800000
	85900000
	54900000
	4760000
	100000000
	100000000
	7610000
	100000000
J	100000000
	53000000
	56900000
	9490000
	89900000
	12500000
	17100000
̨	100000000
	100000000
	100000000
	11400000
	5970000
Թ	100000000
	30400000
	937000
	70800000
	80100000
	38400000
ѫ	100000000
	10700000
	18400000
	100000000
	49400000
	100000000
ש	100000000
	11100000
	68600000
	100000000
	6320000
	86200000
	100000000
	100000000
	32500000
շ	98100000
	81500000
	100000000
	100000000
	586000
	100000000
ī	100000000
	100000000
	100000000
	66100000
	100000000
	100000000
	54100000
	100000000
	100000000
	100000000
	100000000
	100000000
	100000000
	100000000
ǵ	82700000
	22500000
ǌ	1110000
	93900000
Ư	100000000
O	100000000
͛	1550000
ú	100000000
	8030000
	90500000
	78400000
	14600000
	89900000
	3440000
	100000000
ɷ	100000000
	100000000
	100000000
	12900000
	100000000
	100000000
ѧ	100000000
	29400000
	100000000
	100000000
	100000000
	100000000
	100000000
	6930000
ͫ	100000000
	100000000
	100000000
	3070000
˧	100000000
	100000000
	100000000
	100000000
	100000000
	79000000
	72900000
	22900000
	71200000
	100000000
	67700000
	20700000
­	100000000
	100000000
ۺ	26500000
	21000000
	76000000
	5130000
	55200000
	73400000
	2690000
G	4360000
ʵ	100000000
	74200000
	10300000
	39900000
	100000000
	100000000
	18900000
R	2190000
	91400000
˹	100000000
	11700000
	70700000
	14600000
	92800000
	15300000
	71300000
	24100000
	100000000
ĵ	80800000
	100000000
	100000000
	39200000
Ƹ	100000000
	13400000
	100000000
	21100000
	63900000
q	5280000
	100000000
	91600000
a	563000
	100000000
	52400000
{	324000
	100000000
	93600000
	65100000
	13900000
	13300000
	100000000
	100000000
	86400000
	30700000
K	2100000
	97800000
	100000000
	14300000
	78800000
	45100000
	81400000
	100000000
	100000000
	29300000
	60800000
	7180000
	100000000
	100000000
}	8360000
	100000000
	70900000
Ҳ	100000000
	100000000
ò	100000000
	30100000
	19500000
	100000000
	100000000
	100000000
	100000000
ح	79700000
	93000000
	77000000
	100000000
	69200000
	5850000
	11100000
	10300000
	100000000
	100000000
ʶ	100000000
	8530000
	84900000
	21600000
j	1100000
	100000000
ڒ	454000
	5270000
	100000000
	39000000
	13800000
	78700000
	8860000
	100000000
	100000000
	100000000
	5170000
	56800000
	100000000
	100000000
	100000000
	100000000
	89700000
	100000000
s	100000000
	44300000
	46100000
	100000000
	100000000
	100000000
	12100000
P	1340000
	11500000
	100000000
	100000000
	71500000
	83500000
	100000000
	100000000
	9910000
	100000000
	100000000
	100000000
ݴ	28400000
	100000000
	100000000
	100000000
	100000000
؅	744000
	39700000
	45000000
ĳ	100000000
	52100000
g	7210000
	98300000
	87200000
ܬ	6840000
`	5410000
	91200000
	7140000
	96100000
Ƣ	100000000
	100000000
	56200000
	100000000
Į	100000000
	100000000
Ϭ	100000000
	100000000
	100000000
	2350000
	100000000
	100000000
Ű	100000000
ۮ	4470000
	87000000
	100000000
	92400000
d	4540000
	100000000
	71000000
ɪ	100000000
	23200000
	84500000
	9520000
	100000000
ԣ	100000000
	35100000
	100000000
Ү	100000000
	100000000
	87300000
O	36000000
Ͼ	100000000
	100000000
	100000000
	100000000
l	100000000
	65700000
	69200000
	75200000
	87300000
	82700000
	10500000
	74600000
	100000000
	100000000
	100000000
	100000000
ĩ	100000000
	8370000
	100000000
	8150000
	12700000
	72200000
	1080000
	100000000
	10500000
	71100000
	100000000
ŭ	100000000
	100000000
	100000000
	100000000
	100000000
	41800000
f	5850000
	10600000
	100000000
	100000000
	100000000
	37800000
	4760000
	12700000
	100000000
]	30300000
	7780000
	90900000
	70600000
	71800000
g	62400000
ܸ	7940000
	100000000
ȼ	100000000
	21100000
	75000000
	100000000
	21800000
	6740000
	100000000
	16300000
	100000000
	100000000
	73900000
	2510000
	100000000
ѣ	100000000
	100000000
	100000000
	30400000
	100000000
	100000000
	100000000
	100000000
	100000000
	1100000
	27000000
	68900000
	68800000
	67600000
	21900000
	14300000
	9590000
	70900000
	9960000
ķ	92100000
ø	100000000
	64600000
	82700000
	96800000
	3640000
	93700000
	68100000
	75800000
	32000000
	79100000
	2020000
	100000000
	7340000
	100000000
ȹ	100000000
	100000000
	100000000
	19900000
	80400000
	13000000
	34100000
	100000000
	100000000
	26900000
	100000000
^	18000000
	52900000
	100000000
	73700000
	4280000
	100000000
	90100000
	5070000
	92800000
	72100000
ǡ	100000000
	100000000
	6850000
	100000000
ӻ	91900000
߱	70400000
ã	100000000
	14800000
ȡ	100000000
	100000000
	21600000
	29300000
	100000000
޲	80600000
	100000000
	11700000
	100000000
	6900000
	13100000
	100000000
	100000000
	22800000
	8780000
в	100000000
	100000000
	100000000
	100000000
	100000000
	20700000
	100000000
ϼ	100000000
	73800000
	100000000
	67300000
	70800000
	527000
	29300000
	100000000
	100000000
	100000000
	100000000
	100000000
	100000000
ս	100000000
	27200000
|	29500000
A	8580000
μ	83300000
׳	100000000
կ	100000000
	67800000
ċ	727000
	15400000
	75900000
	100000000
	6420000
	73000000
	100000000
	85200000
	100000000
	100000000
	100000000
	100000000
	4080000
	100000000
	100000000
	71400000
W	2390000
Q	435000
	776000
	8220000
	100000000
	24800000
ؼ	100000000
	7990000
	8520000
	100000000
	30900000
	6060000
	63100000
	75600000
˦	100000000
	25200000
	92300000
	7310000
	80200000
	90900000
	100000000
	15400000
{	5880000
̱	100000000
	100000000
	78200000
ʕ	7450000
	100000000
	13500000
	80700000
	100000000
	100000000
	100000000
	100000000
	100000000
	85600000
	100000000
	69400000
	100000000
	100000000
բ	100000000
	100000000
H	100000000
й	100000000
	100000000
	68600000
	100000000
	100000000
	4100000
	100000000
i	657000
	3800000
	100000000
	83100000
	100000000
	100000000
	71800000
	38400000
q	1740000
	100000000
ʦ	100000000
	50600000
	100000000
	100000000
	100000000
P	8010000
Ϲ	100000000
	100000000
	100000000
	69000000
	79400000
	100000000
	100000000
	82800000
	6730000
	100000000
	66400000
ݭ	72600000
	4270000
	89700000
֦	100000000
	1560000
	12000000
	23400000
	100000000
Ť	100000000
	100000000
	24000000
	3010000
	100000000
	13300000
	45500000
	91500000
	100000000
	94200000
	100000000
	100000000
	19900000
	100000000
	100000000
	80700000
E	9000000
	2160000
	26200000
u	1720000
	41500000
ʽ	100000000
	86200000
Ͽ	100000000
	29700000
	4870000
	100000000
ͨ	100000000
	100000000
	71100000
	686000
͡	86500000
	70300000
	64300000
	56700000
	83500000
	100000000
	35900000
	2820000
	29900000
	72500000
	100000000
	8410000
	12600000
ϧ	100000000
	75400000
Բ	100000000
	12400000
	100000000
	100000000
	92200000
	100000000
	53200000
	18200000
	100000000
	8600000
	100000000
	4780000
	100000000
	36000000
ճ	100000000
	76800000
	100000000
	25200000
	100000000
	100000000
	100000000
ȴ	100000000
δ	100000000
	100000000
	100000000
	10500000
	37400000
	25900000
Z	3810000
a	1330000
	100000000
	100000000
	68900000
	4690000
ţ	100000000
	77900000
̷	100000000
	15700000
K	436000
	7270000
	11500000
	68400000
	86700000
	75100000
	100000000
˱	86200000
ȧ	81300000
ћ	260000
	69800000
	100000000
	100000000
	100000000
O	429000
	100000000
	36700000
	100000000
	41400000
	100000000
	78500000
	100000000
	25900000
¸	44700000
	100000000
	8830000
	99400000
	81500000
	100000000
|	413000
	25700000
	100000000
	100000000
	100000000
	70600000
	24900000
	100000000
	8950000
	5050000
	4850000
	100000000
	100000000
	100000000
	100000000
	100000000
	70900000
	100000000
t	624000
	75000000
	30500000
	8160000
	15800000
\	1370000
	991000
	66400000
]	1560000
	93700000
	59400000
ߢ	69300000
	100000000
	33900000
	91800000
S	22300000
ΰ	100000000
â	100000000
	100000000
Ţ	85200000
	59400000
	5150000
	100000000
	100000000
	100000000
ݿ	18200000
	78700000
	100000000
	98100000
ȭ	100000000
	26500000
	83300000
	94000000
	100000000
	9380000
	2270000
	15000000
	100000000
	100000000
	7080000
	21300000
	100000000
	93000000
	77700000
Ǣ	100000000
	81000000
	100000000
	100000000
Ʊ	100000000
	74600000
	100000000
	100000000
	49500000
	100000000
	100000000
	100000000
	100000000
	100000000
Ʀ	83900000
	100000000
ӷ	81400000
ӱ	100000000
	1900000
	100000000
	100000000
	36100000
	27000000
	27300000
	24600000
	4070000
	100000000
Ω	100000000
	10900000
ڬ	35300000
	74900000
	11600000
	91800000
Ú	2890000
ҵ	100000000
	80200000
	5760000
	75800000
	100000000
	72700000
	95200000
	100000000
	78900000
	100000000
	93900000
	6540000
	24900000
б	100000000
ܡ	7740000
	100000000
	14000000
	63600000
	3320000
	47700000
	68800000
	14300000
