	15100000
H	622000
	16100000
	100000000
	13700000
	3240000
	12900000
	10400000
	100000000
	100000000
	72200000
	9210000
	100000000
Ǩ	100000000
	100000000
	100000000
	100000000
b	826000
	53300000
	16300000
	540000
	86200000
	3540000
	14700000
	100000000
	100000000
	99300000
	100000000
	100000000
	6450000
	5140000
	100000000
Է	100000000
	76600000
	100000000
	100000000
	75900000
	17200000
	67800000
	100000000
	100000000
	100000000
	73500000
	3680000
	2470000
	58700000
	91300000
	86800000
ߵ	97100000
	100000000
	22800000
	48000000
	10600000
	12600000
v	100000000
	69200000
	19700000
	100000000
̽	100000000
	100000000
a	100000000
	23700000
	100000000
	13800000
Ϯ	100000000
	11100000
N	1180000
	14400000
	89000000
	100000000
	100000000
	100000000
	100000000
	45000000
	100000000
	100000000
̣	36700000
	100000000
	20400000
ө	86500000
	100000000
	22500000
	100000000
	1780000
	100000000
	87800000
	100000000
	58700000
	100000000
	68400000
	46800000
	100000000
	100000000
	100000000
	100000000
	91500000
	100000000
	100000000
	56500000
	14000000
	91700000
ղ	82400000
	100000000
	11800000
	100000000
	7840000
Ң	100000000
	12200000
	100000000
	100000000
	5620000
	100000000
ȷ	100000000
	32700000
	100000000
	100000000
	100000000
ͳ	100000000
«	100000000
	100000000
	100000000
	100000000
	78900000
	100000000
	100000000
N	890000
	100000000
	4350000
	100000000
	81200000
Ƶ	100000000
˨	100000000
	100000000
V	100000000
	92700000
	100000000
	100000000
z	536000
	87700000
	100000000
	74200000
	100000000
	100000000
	100000000
̵	100000000
	16600000
	100000000
	64300000
	22300000
	100000000
	90700000
	70700000
	21100000
	6000000
	758000
ѻ	100000000
	330000
	2270000
	100000000
	50700000
	100000000
	9650000
	97800000
	100000000
	100000000
	81800000
	9090000
Խ	100000000
Ҽ	100000000
	48500000
	100000000
	100000000
	100000000
ɦ	88600000
	87500000
	100000000
	72400000
¹	100000000
	45200000
	100000000
	23100000
	26500000
	100000000
	27700000
	100000000
	100000000
	73300000
	100000000
	82200000
	100000000
	100000000
	100000000
	100000000
	95300000
	1320000
	10000000
	100000000
֫	100000000
	14000000
	1920000
	13700000
	68300000
	100000000
H	1190000
Ŵ	100000000
	4910000
H	455000
	9780000
Ʈ	100000000
	96900000
	84900000
	855000
ա	74900000
	100000000
	100000000
	4620000
	19300000
	100000000
	16100000
	100000000
	34800000
	100000000
	100000000
۪	66400000
ȿ	79800000
	70800000
	3690000
	100000000
	77200000
	12800000
ϴ	100000000
	100000000
	100000000
i	5840000
	100000000
	79100000
	69300000
	11100000
	54100000
	72200000
	100000000
¤	85500000
	6110000
	6580000
	14800000
̌	2220000
	100000000
	100000000
إ	80700000
ë	100000000
	1950000
	77000000
	76700000
S	2530000
ϫ	87000000
o	1130000
	3190000
	48800000
	20800000
ڭ	61200000
	29300000
	100000000
ƭ	100000000
	100000000
	4440000
	79300000
	100000000
	69800000
d	100000000
	100000000
	100000000
	86400000
	26600000
Я	100000000
	100000000
˩	93000000
	8910000
	70900000
	65600000
	100000000
	71300000
۷	5900000
a	651000
i	8050000
	100000000
	4020000
	6650000
	69200000
	100000000
Φ	81100000
	2600000
	100000000
	100000000
	99800000
	100000000
˽	100000000
	100000000
	17400000
	100000000
	88200000
	6120000
Ȼ	100000000
	100000000
	14500000
	6370000
	100000000
	3200000
	13600000
	100000000
	32200000
	100000000
Ȭ	100000000
	100000000
	229000
޵	24200000
	100000000
	87800000
	100000000
Ⱦ	100000000
	100000000
	100000000
	8150000
ɿ	89500000
	100000000
	100000000
	97600000
	9080000
͵	100000000
	51400000
	100000000
	82600000
	1240000
	100000000
	100000000
	100000000
	100000000
	100000000
	54500000
	100000000
	100000000
	15800000
	99900000
	100000000
	17900000
	100000000
	100000000
	100000000
	397000
	6810000
	19700000
	35300000
	100000000
	100000000
	20400000
	72000000
	12100000
	3940000
Y	100000000
	100000000
	100000000
	100000000
	100000000
	100000000
	99200000
	100000000
	42500000
	60900000
	100000000
	9670000
	100000000
	78700000
	13000000
	34300000
	83200000
	100000000
	78200000
	38300000
ڵ	100000000
	1200000
	634000
	69200000
ץ	100000000
ۣ	19300000
	13800000
	100000000
x	100000000
Ȯ	100000000
	100000000
a	1210000
ж	100000000
	2070000
	99900000
	31000000
	100000000
	70400000
	6840000
ک	18900000
	11500000
	66900000
	955000
	100000000
	100000000
	64500000
	76400000
ٲ	80900000
	100000000
	75200000
	6300000
	11300000
	71200000
	1020000
ȩ	100000000
	18900000
	100000000
_	752000
	80400000
	2480000
	16000000
	83100000
	88900000
	100000000
	13700000
	29100000
	100000000
	85100000
	84700000
	100000000
ܼ	17400000
	3840000
ŷ	100000000
	100000000
	19800000
]	977000
	100000000
Ǒ	34100000
	17500000
	100000000
	7040000
Ȫ	100000000
	100000000
	74300000
	100000000
	8500000
	100000000
	67
	100000000
	19900000
	37200000
ʡ	100000000
	100000000
Ю	98100000
	2600000
	100000000
	11300000
	71500000
	100000000
	100000000
	100000000
	100000000
	75100000
	100000000
	100000000
	4830000
	650000
	100000000
	100000000
	100000000
	76000000
ù	100000000
	67700000
	100000000
	19800000
Ǹ	100000000
	100000000
í	83500000
	57600000
	100000000
	100000000
	24400000
	4760000
	100000000
	100000000
Ҫ	100000000
c	407000
	100000000
	5120000
	100000000
	100000000
	100000000
	100000000
	100000000
	29800000
	2810000
	37800000
	100000000
	83800000
	100000000
	58100000
	100000000
	29700000
ˑ	1960000
	2720000
	100000000
	100000000
	75600000
	80700000
	6290000
	100000000
	100000000
	100000000
ֱ	100000000
	100000000
	36600000
P	100000000
	807000
	98900000
ҫ	100000000
	27400000
	100000000
	100000000
	100000000
	100000000
ε	93900000
	5260000
	100000000
	100000000
	100000000
	6890000
	97100000
	9380000
ū	100000000
	100000000
ٺ	72800000
	82800000
	100000000
	93000000
	100000000
	100000000
R	296000
J	1890000
	100000000
	100000000
	82100000
ƿ	100000000
	100000000
	100000000
ͱ	89000000
	2330000
	100000000
	100000000
	13400000
	100000000
¼	100000000
Ǻ	95400000
	36200000
	100000000
	100000000
	2940000
	16400000
	100000000
	100000000
	93400000
ˊ	1020000
	100000000
	81300000
ص	31200000
z	100000000
	22900000
	92900000
	43100000
F	4740000
	8490000
	100000000
	100000000
	11100000
	100000000
	75800000
̫	100000000
	100000000
	100000000
	100000000
	92800000
C	3730000
	63600000
ܧ	27700000
	100000000
	100000000
	100000000
	27200000
	100000000
	80400000
	100000000
	100000000
	100000000
	100000000
	8510000
	100000000
	100000000
½	100000000
	71600000
	66500000
	2400000
	67500000
	100000000
	83600000
	100000000
	2440000
	60600000
	79400000
Ԭ	100000000
	100000000
	100000000
	10400000
u	1420000
ռ	100000000
ϣ	100000000
	100000000
	100000000
	100000000
	76300000
	100000000
	100000000
	58000000
	100000000
	10600000
	88700000
	100000000
	100000000
ʣ	100000000
	100000000
	76000000
Z	1640000
	100000000
	100000000
	100000000
	39000000
	61900000
ɡ	100000000
	86200000
	100000000
	100000000
	35200000
	2290000
ɱ	100000000
	100000000
	100000000
	100000000
	5600000
	100000000
߸	70600000
ö	100000000
Z	6470000
	72700000
	71200000
	98700000
ܱ	19500000
	8840000
	100000000
	87500000
Z	67500000
	6740000
	76500000
Ρ	98600000
	74700000
	57500000
	96600000
	100000000
	72500000
]	9580000
	100000000
	79100000
	100000000
	100000000
ԡ	100000000
	67100000
ӹ	100000000
;	100000000
	89400000
	100000000
	100000000
	100000000
	22300000
	64200000
	100000000
	6190000
	44600000
	100000000
	45300000
պ	100000000
	85600000
	96300000
	2800000
	1400000
߰	73200000
	85900000
	77700000
Y	1090000
	87600000
	1870000
	3250000
	88300000
	100000000
	100000000
	100000000
	100000000
	1370000
ϰ	66200000
	100000000
	100000000
	83800000
J	523000
	100000000
	72700000
	31000000
	48800000
	13900000
У	100000000
	67600000
	8170000
	1870000
	21000000
	90000000
	1980000
	67000000
	81600000
	100000000
	100000000
	100000000
	69600000
	100000000
	16500000
	10300000
ԧ	65200000
	92000000
	90100000
Q	100000000
	39200000
	100000000
	50900000
	100000000
	63500000
	7480000
	77300000
	6340000
	100000000
	33500000
	8360000
	100000000
	75200000
	100000000
л	100000000
	100000000
	3780000
	70000000
	100000000
	457000
	3130000
	80400000
	76400000
	100000000
	100000000
ή	100000000
	100000000
	47100000
ű	83300000
ͥ	100000000
ɹ	100000000
	100000000
	100000000
	100000000
	100000000
	49200000
	100000000
	75000000
	87500000
	100000000
	9030000
i	14400000
ԩ	100000000
G	5730000
ި	35800000
ۑ	708000
	85700000
	51400000
	18900000
֭	100000000
\	1520000
G	55600000
	100000000
	80100000
	100000000
	85000000
	71500000
	100000000
	100000000
ȥ	100000000
ר	100000000
	9860000
	85300000
	100000000
	68200000
	100000000
	6150000
	94200000
	100000000
	100000000
	100000000
	68700000
ڴ	7010000
	9230000
	39800000
	3670000
	10800000
N	100000000
	100000000
	100000000
	17000000
	26200000
	41900000
J	2390000
	17300000
	30500000
	81900000
	100000000
Ϳ	100000000
	2280000
	13300000
	100000000
{	274000
	84800000
	3370000
	90100000
	100000000
	60500000
	8280000
	100000000
ֲ	100000000
	81100000
ɻ	100000000
	100000000
	74900000
֧	100000000
	91500000
	8940000
`	677000
	100000000
	68500000
	92900000
	100000000
S	33700000
ؤ	69200000
ŧ	100000000
	100000000
	48300000
	100000000
֣	100000000
	81200000
	70600000
	212000
	76600000
	100000000
	2010000
	79600000
|	1480000
	7030000
	17500000
	14000000
	86900000
	68200000
	100000000
	100000000
	100000000
{	4530000
	3000000
	39900000
	100000000
	100000000
	68400000
	2110000
	14400000
	77500000
	68500000
	100000000
	5840000
	83800000
	76700000
	100000000
	100000000
	82300000
	97400000
	1490000
	10000000
	70600000
	3080000
	9370000
	23700000
	72100000
Z	3240000
	100000000
Ի	100000000
	12200000
	100000000
	42000000
	6990000
	100000000
	36900000
	100000000
|	12400000
	100000000
	2350000
	13200000
	96000000
	28400000
	8560000
	8210000
	100000000
	8740000
	74300000
	8050000
	8890000
	4190000
	7560000
	100000000
	15100000
	2840000
	22000000
	100000000
	100000000
	35700000
	100000000
	100000000
	70700000
	100000000
զ	100000000
̺	100000000
	100000000
	13500000
ݷ	76200000
	53800000
	68100000
	100000000
ͬ	100000000
	100000000
	2080000
	7350000
	100000000
ߡ	27700000
	62900000
	83100000
ͪ	100000000
	100000000
	28900000
	68400000
	7920000
ٻ	84000000
ע	100000000
	98500000
	66900000
	12100000
	57200000
	7920000
	100000000
	100000000
	70700000
	100000000
	100000000
	100000000
	4070000
	4720000
	50700000
ĥ	100000000
	100000000
	100000000
	24500000
	100000000
	74400000
	5890000
	27900000
	100000000
	11600000
	10200000
	100000000
	7210000
˳	100000000
	100000000
	50300000
	78300000
	100000000
	85600000
ê	100000000
ؾ	14500000
	67900000
ݳ	9360000
	100000000
	100000000
	2510000
	72300000
	8580000
	58500000
o	100000000
	11900000
	100000000
է	100000000
	100000000
گ	99300000
	72700000
	100000000
߁	3910000
ܤ	46000000
q	2080000
Ҵ	79600000
	83300000
	100000000
	100000000
	100000000
	80600000
	1780000
ʲ	100000000
	13900000
	5080000
H	653000
	100000000
K	100000000
ڿ	28100000
	4300000
	2360000
	91000000
	100000000
ƌ	967000
	100000000
Т	100000000
ڳ	15100000
	100000000
	16600000
	100000000
	100000000
	100000000
	100000000
	100000000
	100000000
	62900000
е	100000000
	100000000
	100000000
k	100000000
y	1370000
	100000000
	100000000
	27800000
o	36100000
	86200000
	1450000
k	1230000
	100000000
	81100000
	34300000
	21200000
	32700000
	100000000
	100000000
	1210000
|	3570000
	17400000
	73500000
	5780000
	100000000
	70800000
Ũ	100000000
ݡ	77300000
	100000000
˥	100000000
	100000000
Ԯ	100000000
	100000000
	100000000
	100000000
	9460000
ު	4200000
	99600000
	30000000
	100000000
	2670000
ԫ	86500000
	75900000
	7920000
	100000000
	4120000
	53900000
	100000000
޷	42900000
	100000000
	53700000
	7060000
	18200000
	68700000
	100000000
ά	100000000
	19000000
	100000000
	100000000
Ϸ	100000000
	100000000
	3120000
	100000000
	70100000
	2890000
ʂ	2520000
	100000000
ڽ	27300000
	4240000
	100000000
	100000000
	15800000
	7400000
	22100000
N	53600000
	13600000
	16500000
	22900000
	100000000
ر	9670000
	37600000
	3470000
	100000000
	3980000
˾	100000000
	100000000
	3860000
	100000000
g	9200000
	85400000
	4810000
ѵ	100000000
	14600000
	100000000
	100000000
	100000000
	3600000
	100000000
	100000000
	1090000
	15000000
	100000000
	18900000
	95000000
	100000000
	100000000
	100000000
	100000000
	3830000
	100000000
	100000000
A	100000000
	8330000
	100000000
ۥ	7950000
	8110000
	37300000
	96100000
	100000000
Ӣ	100000000
	100000000
	95200000
	100000000
ί	100000000
	100000000
	100000000
	100000000
	7520000
	100000000
	3600000
	100000000
	48600000
	4030000
	74100000
	6090000
ɨ	100000000
	100000000
Ϊ	100000000
	100000000
	4060000
	6380000
	28300000
	100000000
	100000000
ݦ	16500000
	75000000
Ҥ	100000000
Ǿ	94200000
	100000000
	7880000
	72200000
	17300000
	16000000
	100000000
	22900000
\	23700000
	71300000
	100000000
	100000000
	3470000
}	343000
	100000000
	100000000
	63800000
ͽ	100000000
	46000000
	100000000
	79400000
	100000000
	100000000
	64800000
	84600000
ל	1470000
B	1280000
	12100000
ı	100000000
	100000000
	100000000
Ȱ	100000000
	100000000
	100000000
	68100000
	100000000
c	1440000
	100000000
д	100000000
	77800000
ɩ	100000000
	100000000
	100000000
	100000000
	100000000
	8700000
	8920000
	12900000
	100000000
j	4090000
	6710000
	9180000
	100000000
	100000000
϶	100000000
	100000000
	100000000
	100000000
	5770000
	100000000
	100000000
t	100000000
	100000000
Ъ	100000000
	72600000
	100000000
	100000000
	32400000
	100000000
	100000000
	100000000
	2730000
Ѣ	88900000
	6950000
	39400000
٭	18000000
	5180000
	68300000
	66000000
v	731000
	100000000
@	297000
	93700000
	37000000
	80200000
ү	100000000
	26400000
	523000
	69700000
	25200000
Ը	100000000
߶	94700000
	100000000
	6090000
	1300000
	95100000
´	96200000
	100000000
v	2670000
	100000000
	100000000
	26800000
	100000000
	100000000
C	100000000
	100000000
	100000000
	96800000
	100000000
	25600000
Դ	100000000
״	100000000
	91500000
	88900000
	16200000
	77500000
	77600000
	100000000
	56300000
	95900000
	100000000
	100000000
	100000000
	91900000
	1850000
|	66200000
	12400000
	98600000
	11700000
	100000000
	366000
	74300000
	5970000
	29000000
ڪ	19600000
	31800000
	100000000
	4860000
	100000000
	9360000
	5970000
	100000000
	36700000
	100000000
	100000000
	80800000
	74100000
	100000000
	100000000
	100000000
	100000000
	100000000
J	545000
	100000000
©	100000000
	34300000
ڗ	638000
	100000000
ͯ	100000000
	77000000
	100000000
	100000000
V	948000
º	77000000
	100000000
O	1030000
	100000000
	2490000
	100000000
ɾ	100000000
	100000000
	100000000
	100000000
	72200000
	100000000
	100000000
	100000000
	100000000
	88700000
	91300000
	75800000
	10800000
	91000000
΅	4510000
	100000000
m	35000000
	100000000
	100000000
	27700000
	98000000
	5020000
	68000000
	81800000
	100000000
	100000000
	14800000
	100000000
	14500000
	69900000
	43800000
n	377000
	80700000
	88400000
	40200000
X	64800000
	5120000
	100000000
ͭ	100000000
C	21100000
	100000000
	80300000
	100000000
	772000
۰	15700000
	5160000
	3080000
	2600000
	76800000
	71400000
	100000000
	33100000
	10900000
ͻ	100000000
	6290000
	30300000
ÿ	100000000
	100000000
	100000000
Ǫ	81800000
	27500000
	1360000
	19600000
	66400000
	2670000
޸	13800000
	52300
	32900
	6210000
ѩ	2800000
	2020000
	40800
	6190000
	175000
Ƕ	1400000
	67000
	24600
	39300
	166000
	81600
	11200000
	49700
	10900000
	28000
	1980000
b	18300000
	36800
	46000
	2720000
	105000
	96400
	11700000
	4630000
	35000
ٶ	34900
	76800
	196000
ޥ	134000
	46700
	17500
	16900
	167000
	2220000
	13100
	48700
	11800000
	20000
	1640000
	390000
	16500
	34500
	4360000
	2950000
	175000
˺	1660000
	7510000
	30800
ѥ	1000000
	234000
	9070000
	64700
	6010000
	480000
	66800
	214000
	3540000
ο	2050000
	146000
q	2620000
	112000
	190000
	135000
Կ	2270000
	78300
	71300
ة	390000
	2890000
	2080000
	1990000
	710000
	3100000
	2290000
T	18200
