	100000000
	100000000
	23900000
	2680000
	100000000
ն	100000000
	100000000
	100000000
	3480000
	87500000
	74500000
Σ	100000000
	100000000
	76400000
	96800000
	76200000
Ѹ	100000000
	6070000
	100000000
	2240000
	27000000
	100000000
	75400000
	100000000
	87600000
	100000000
	11000000
ª	100000000
	12300000
	78200000
	9740000
	71600000
	100000000
	100000000
	15000000
	1530000
	77700000
	726000
غ	89700000
	100000000
	100000000
ִ	100000000
	8320000
	46100000
	100000000
	43800000
	97000000
	100000000
	48200000
	71400000
	100000000
	42700000
~	2450000
Ñ	20500000
	85700000
	100000000
	69700000
	7900000
	83100000
	100000000
	100000000
	4210000
	47700000
	14400000
	68100000
	62300000
̢	80800000
	100000000
	14000000
	8260000
	94100000
	100000000
]	265000
ݵ	7200000
	83000000
	7350000
Z	100000000
	12300000
	24600000
I	17600000
	100000000
	35300000
	86400000
	5440000
	34300000
	76800000
	5210000
̤	100000000
ó	100000000
	100000000
ٰ	13200000
	75300000
	100000000
	100000000
ݫ	54400000
	100000000
	32300000
	8480000
	68900000
	44900000
	22200000
	4800000
מ	1150000
	100000000
	100000000
	286000
	82400000
ӳ	100000000
	4190000
	100000000
	74400000
	1410000
	100000000
	80800000
	5440000
ζ	100000000
	100000000
	100000000
	100000000
t	28300000
	100000000
	5480000
	72300000
	70100000
	100000000
	47900000
	100000000
	100000000
	100000000
̧	100000000
	33600000
	100000000
Ƿ	100000000
	2730000
	7120000
	32500000
	77700000
	100000000
	70700000
	16600000
	466000
	85900000
	100000000
a	4320000
	81300000
E	6520000
	41900000
	40500000
˶	100000000
	65100000
	82800000
	100000000
	74400000
	74600000
	100000000
	100000000
	4780000
`	1970000
ع	70000000
	87100000
	100000000
	94000000
ٿ	71500000
]	719000
	100000000
	100000000
	100000000
	100000000
	6550000
I	6950000
	3450000
	100000000
	31400000
	13200000
ޭ	43600000
	100000000
	22000000
	100000000
	6930000
	81000000
	100000000
	9490000
	100000000
	100000000
	100000000
	100000000
	100000000
	82200000
	100000000
	100000000
	21300000
	26900000
	7680000
f	5000000
	84800000
	100000000
	91400000
	100000000
а	100000000
	3470000
	64800000
	100000000
	18900000
	7080000
	4250000
	1470000
	25300000
	95100000
	72800000
	10500000
	67300000
	100000000
	99600000
Ұ	100000000
	5830000
	14600000
	21300000
	51900000
۵	9120000
	100000000
	5760000
	98600000
	22900000
ܫ	54300000
	100000000
	72000000
	100000000
	100000000
	14100000
	77900000
	27000000
ǿ	100000000
	82100000
	67100000
	72100000
޶	65800000
	100000000
	100000000
	100000000
	60000000
	379000
	8320000
	100000000
	100000000
	3380000
	100000000
	100000000
	100000000
	100000000
	100000000
	100000000
Ǽ	92000000
	20300000
	100000000
ٷ	8560000
ɯ	88900000
	100000000
	100000000
֩	100000000
	30200000
m	64700000
	85200000
	4700000
С	100000000
ݸ	73300000
	36400000
	4160000
	100000000
	26500000
	72300000
»	100000000
	15300000
	100000000
	100000000
	100000000
ͼ	100000000
	2040000
	98400000
	100000000
ʬ	100000000
	100000000
N	18800000
	100000000
	100000000
	100000000
	92400000
	100000000
	99700000
	100000000
	5100000
ۿ	17300000
o	47200000
	69000000
	100000000
	1040000
	21700000
d	803000
	100000000
	89400000
	100000000
	100000000
	3890000
	62800000
	98100000
	100000000
	70800000
Ȳ	89300000
	22700000
	9060000
լ	100000000
	6430000
D	66700000
	1130000
	66400000
	3100000
`	3720000
	61000000
	100000000
	100000000
	86500000
ӿ	100000000
ź	100000000
n	100000000
p	100000000
	31100000
	76900000
	14300000
	100000000
	11400000
Ծ	100000000
	100000000
v	69300000
	100000000
	67300000
	66700000
	5710000
˵	100000000
	34000000
	100000000
	100000000
ܩ	8050000
	100000000
	73200000
	55900000
	69600000
	5850000
@	999000
	68400000
	6410000
	100000000
	1130000
	80300000
	6330000
	100000000
	100000000
	21100000
	4850000
	83400000
	100000000
	100000000
	100000000
	8050000
	79200000
	100000000
	13600000
	100000000
	100000000
	100000000
	17600000
	69000000
	100000000
	100000000
	3450000
	100000000
	16200000
	92800000
	100000000
	6280000
	100000000
ը	100000000
	100000000
	100000000
Ա	100000000
	76700000
	10200000
ס	100000000
	96900000
	100000000
	100000000
	13400000
	3400000
̶	100000000
	12900000
ž	100000000
	72800000
	100000000
	100000000
	100000000
	7870000
	70200000
	28700000
	100000000
h	67000000
	59700000
ɭ	100000000
þ	100000000
	75400000
	42500000
	100000000
	64200000
	80800000
	100000000
	11400000
	66400000
Z	1260000
	65500000
P	65500000
	83900000
	13500000
J	53600000
	4100000
	73300000
	80800000
	100000000
	100000000
	96800000
	3510000
	10200000
	100000000
	100000000
ӽ	100000000
	11200000
	515000
	88700000
ɧ	100000000
	12400000
	68700000
	51900000
	8070000
	71100000
	4790000
ͩ	100000000
	55400000
	100000000
	100000000
	86900000
	100000000
	38300000
F	325000
	2400000
	100000000
	8820000
	100000000
	100000000
	56300000
	100000000
ʸ	100000000
	75100000
	73300000
	27700000
	100000000
	98700000
	100000000
	100000000
ߤ	4900000
	100000000
	23500000
	100000000
	90200000
	87500000
	94400000
	17800000
	100000000
	100000000
	38300000
	14900000
	18400000
	56800000
	100000000
	19300000
հ	100000000
	68800000
	100000000
	100000000
	100000000
	88400000
	100000000
	100000000
	16900000
}	2840000
	10900000
	8940000
	100000000
	100000000
	100000000
ݶ	44400000
	100000000
	77000000
¢	100000000
	24100000
د	71000000
	30300000
	100000000
	100000000
	93200000
	100000000
	100000000
	100000000
׼	100000000
	93900000
ʨ	100000000
ۤ	21400000
	100000000
	100000000
	71200000
	65900000
	52500000
	6940000
	100000000
	14000000
	100000000
	20300000
	67700000
	100000000
	9050000
	100000000
	29900000
	100000000
	78400000
	100000000
ˮ	100000000
	90500000
	31000000
	100000000
	27300000
	86800000
	100000000
	100000000
Ӧ	100000000
	100000000
	100000000
	2350000
	100000000
	90000000
	100000000
	100000000
	4460000
	81000000
ƫ	100000000
	3420000
	37400000
	100000000
	100000000
	69600000
	100000000
	100000000
	25900000
	9630000
	100000000
	15100000
¨	81000000
	100000000
	77000000
	12700000
	100000000
i	100000000
	1570000
¯	100000000
	22500000
	100000000
	100000000
Ҿ	81800000
	86100000
	66300000
ڮ	74000000
F	100000000
	83200000
o	268000
	100000000
	100000000
	100000000
ɺ	86200000
	45800000
	73700000
d	971000
	65300000
־	100000000
	5820000
	12100000
	59600000
	100000000
	76300000
	91200000
	91600000
	7080000
	100000000
ʢ	100000000
	56100000
	21400000
	100000000
	1690000
	26200000
	91000000
	96000000
	56500000
	92700000
	30300000
	86800000
	100000000
	6600000
	100000000
	92900000
F	8920000
	76800000
	100000000
	35300000
	98100000
	14700000
	90600000
	13500000
	65700000
	13700000
	974000
٥	17200000
q	1120000
ַ	100000000
	89100000
[	1020000
	70200000
	100000000
	100000000
	100000000
	31000000
	71500000
	100000000
	100000000
	100000000
	53000000
	100000000
	100000000
	100000000
	100000000
ϵ	100000000
	4070000
	8870000
	78400000
	24200000
׮	100000000
я	789000
۳	51200000
	6000000
ܯ	13300000
г	100000000
˪	100000000
ơ	100000000
	100000000
	46500000
٧	38500000
	100000000
	100000000
	100000000
	100000000
	29900000
ĭ	100000000
	76600000
	73600000
	100000000
	79100000
	100000000
˲	100000000
	645000
	100000000
	100000000
	84800000
	100000000
¿	100000000
	75200000
	100000000
	87100000
	100000000
	52000000
Ž	100000000
Χ	100000000
	65500000
	85700000
	100000000
	100000000
߼	64800000
	100000000
	27700000
	29600000
ť	100000000
	100000000
	8900000
	1160000
	100000000
	98800000
	100000000
	100000000
ʺ	100000000
	100000000
x	1190000
	100000000
	100000000
	26800000
	76000000
	100000000
	4770000
Ѩ	100000000
	100000000
	100000000
	100000000
	3710000
	100000000
˿	100000000
	100000000
	98800000
	22400000
	74900000
	74700000
	100000000
أ	89100000
	100000000
	11100000
	37300000
	74400000
	3540000
?	100000000
	7800000
	4370000
	100000000
	100000000
	90700000
	100000000
	8510000
	4670000
	100000000
X	100000000
	100000000
	52500000
	100000000
R	1860000
	100000000
	100000000
	100000000
	74000000
	14300000
Ϧ	100000000
	4590000
ǯ	100000000
	66900000
	100000000
	85900000
	96300000
	100000000
	70400000
	38800000
	100000000
	7450000
	19500000
	100000000
	16100000
B	466000
]	313000
	45900000
ϡ	100000000
	100000000
	100000000
	100000000
׹	100000000
	71800000
	100000000
	1470000
	29800000
	38000000
	1250000
ڰ	14900000
	83900000
	100000000
	100000000
	52100000
	70200000
	100000000
	36700000
	20100000
	71600000
f	3310000
	73200000
{	345000
	24200000
ܶ	7220000
	96200000
	2850000
	13300000
	98400000
ֺ	100000000
	6810000
	5460000
	5770000
b	596000
	100000000
	52600000
	87400000
	100000000
q	578000
į	100000000
	8350000
	47900000
D	438000
	100000000
	46400000
ڲ	25500000
	100000000
	88700000
	100000000
	100000000
	100000000
	1850000
Ӻ	91000000
	67500000
	100000000
D	43200000
	27100000
	100000000
	100000000
	83400000
	8770000
Ҧ	100000000
	21700000
	100000000
	100000000
	78600000
	100000000
	75900000
	83400000
	100000000
	32700000
	30100000
	100000000
	8070000
	69900000
ȶ	81200000
	92300000
	100000000
	100000000
	100000000
߹	77600000
	100000000
	100000000
	69400000
	86300000
	100000000
	100000000
	100000000
	9160000
	70300000
	3490000
	41200000
	4440000
	100000000
	100000000
á	47600000
L	867000
	100000000
	11600000
	24000000
	100000000
	72500000
	15500000
	100000000
ӫ	100000000
	100000000
	10700000
	6400000
	651000
	100000000
	56000000
	100000000
	100000000
	100000000
	59400000
	100000000
	100000000
	100000000
	100000000
	2990000
	48000000
	100000000
˫	100000000
	22300000
	100000000
	100000000
	86100000
	2020000
	100000000
	100000000
ʭ	83500000
	100000000
	416000
	82200000
	70900000
G	901000
ٹ	71800000
Ϋ	75600000
	79300000
	47400000
ɫ	100000000
	72400000
	100000000
	100000000
ڤ	100000000
ȣ	89800000
	100000000
	7110000
Ų	100000000
	9870000
	100000000
	100000000
	2110000
	4360000
	29200000
	100000000
ȵ	91200000
	100000000
	86400000
	95400000
	4220000
	100000000
	100000000
	16300000
	45100000
	91700000
	100000000
	100000000
	100000000
	4510000
	9440000
	76500000
	100000000
	100000000
	100000000
	66300000
	69900000
	59000000
	100000000
	100000000
	6660000
	91600000
	100000000
ׯ	100000000
	81200000
վ	100000000
	2350000
	86900000
	86600000
	1350000
̸	100000000
	5560000
	100000000
	100000000
	100000000
տ	100000000
	11800000
	100000000
	100000000
	97900000
	100000000
	100000000
	79500000
	100000000
	88700000
	66900000
۴	68900000
_	588000
	100000000
	100000000
	100000000
Ǵ	79400000
	36600000
	100000000
û	100000000
	100000000
	26200000
	74600000
±	100000000
	81500000
	18000000
	71600000
	100000000
	1480000
	77400000
	100000000
	100000000
	76000000
	100000000
	4480000
	100000000
ܢ	10700000
	90200000
ϙ	1290000
	73800000
	24900000
Ѻ	100000000
	100000000
ܷ	69200000
	100000000
	72800000
	100000000
ڣ	77300000
	54300000
	3090000
	100000000
ѷ	100000000
	100000000
	100000000
	100000000
	100000000
ұ	100000000
κ	100000000
	7720000
	100000000
	100000000
	66800000
	6120000
	100000000
ް	33500000
	100000000
	100000000
c	695000
˸	100000000
	100000000
	5170000
	100000000
	73900000
	100000000
	94500000
	51400000
	39600000
	99700000
	13300000
	17500000
	100000000
	86600000
	100000000
	100000000
ǳ	100000000
Ż	100000000
	78200000
	36500000
	5450000
Ƨ	100000000
	4240000
	95800000
	46400000
	100000000
ݮ	76000000
	100000000
	100000000
	100000000
	96500000
	3720000
Ѯ	100000000
	17900000
	19300000
	6040000
Ū	100000000
ھ	43800000
	30700000
	100000000
	56200000
	71100000
Ƴ	88500000
̪	60400000
	100000000
	70500000
q	780000
	21500000
	73300000
	100000000
	100000000
	100000000
r	18000000
	100000000
	100000000
	65700000
	100000000
	52400000
	67700000
b	10500000
	70600000
\	444000
E	100000000
	2260000
S	64700000
N	4720000
	5780000
	100000000
	100000000
	100000000
	100000000
	873000
	67900000
	79000000
	75400000
	100000000
	37200000
	3100000
۫	45200000
	11000000
^	8950000
R	5830000
	100000000
	82300000
	100000000
	100000000
	100000000
	100000000
	100000000
	61600000
	50700000
	72400000
	100000000
Զ	100000000
ڻ	15200000
	12500000
B	3690000
	8800000
	100000000
	68000000
	100000000
	18000000
	6470000
ι	100000000
	100000000
	6910000
	100000000
f	6360000
	100000000
}	2060000
	100000000
	100000000
	73900000
	100000000
	47400000
	70400000
	100000000
	100000000
	100000000
	16800000
	20100000
D	4370000
	100000000
	67300000
	30500000
u	66700000
L	100000000
	100000000
	77200000
	100000000
Ǧ	100000000
	100000000
	64200000
	100000000
	90600000
	100000000
	3920000
	57100000
ٵ	71400000
	100000000
	41400000
	11300000
s	333000
	12900000
	92600000
ޣ	69700000
	100000000
	9910000
	100000000
ܿ	85300000
	100000000
׵	100000000
	100000000
	67000000
	100000000
	79200000
	100000000
	2780000
	83900000
	70900000
	100000000
	81700000
	32300000
	98100000
	100000000
	100000000
I	100000000
	75300000
	9550000
	100000000
	72900000
	23100000
	100000000
	100000000
	3620000
	100000000
	73600000
	15200000
	58600000
	21300000
	77300000
	70000000
	51800000
	100000000
	100000000
	100000000
	100000000
	88300000
	100000000
	18400000
	100000000
ܨ	3790000
A	447000
	44400000
	11800000
	72700000
ʼ	100000000
	23700000
ؽ	91900000
	20000000
	14600000
	15500000
	18100000
	24800000
	100000000
	100000000
	100000000
ĺ	100000000
	100000000
	81100000
K	1720000
	9300000
	100000000
	3450000
	71900000
	100000000
	100000000
	2210000
	100000000
	100000000
Q	1740000
	100000000
	41000000
	6810000
س	70200000
	23100000
	81200000
Ψ	100000000
	2440000
	100000000
ߩ	29500000
	100000000
	74300000
	69100000
Ĥ	100000000
	10900000
	11700000
	100000000
	75700000
	2310000
	100000000
	74700000
	100000000
w	481000
	95300000
	14000000
	100000000
	2780000
	100000000
	43300000
Ӫ	100000000
ϭ	64500000
	2010000
	1010000
	79900000
	100000000
B	2680000
	100000000
	100000000
Y	2260000
	100000000
	6070000
	100000000
	100000000
	7420000
	76900000
	8340000
	63800000
	100000000
̹	100000000
	100000000
	82200000
	78700000
	33300000
	67800000
	100000000
	95100000
	100000000
	100000000
	3190000
	100000000
	100000000
	100000000
_	3060000
	7910000
V	754000
	100000000
	100000000
	40800000
M	20100000
	100000000
	100000000
	88600000
	100000000
	90900000
	100000000
	73000000
	100000000
	11900000
	68600000
	100000000
	100000000
	98400000
	85900000
	93900000
	100000000
	86300000
	100000000
	74400000
	85200000
Y	1160000
	84900000
	100000000
	100000000
	97700000
	18300000
	67300000
	100000000
	100000000
	1750000
	100000000
	92900000
	10100000
޿	24800000
	100000000
	97000000
	100000000
	94100000
	89100000
	3440000
	72300000
	100000000
	5770000
ڱ	18000000
	100000000
	80900000
	100000000
	100000000
	100000000
	100000000
r	23400000
ˡ	100000000
	73700000
	100000000
	81100000
	32100000
	100000000
	10100000
	100000000
Ϥ	100000000
	100000000
	54400000
	7810000
	100000000
K	3310000
	100000000
	100000000
	100000000
	94700000
	58000000
	77100000
	4250000
	100000000
@	3820000
	100000000
ԥ	100000000
	555000
ٳ	68200000
	73000000
	73100000
	73000000
	17500000
	100000000
	100000000
	100000000
	9310000
	100000000
C	3280000
	3270000
ײ	100000000
	2960000
	100000000
	100000000
	100000000
	62700000
	100000000
	100000000
D	3200000
	100000000
	100000000
	8350000
	100000000
	75900000
	8130000
	53800000
	15300000
	75700000
	3560000
	100000000
	5430000
	100000000
	96800000
͸	100000000
	99600000
	100000000
	16200000
	7650000
	57400000
	100000000
	25300000
	100000000
	64400000
	3300000
ȕ	917000
	20400000
	100000000
	100000000
	54800000
	77700000
	13200000
	100000000
	7700000
	2710000
	28900000
	100000000
כ	766000
	3830000
	69400000
	71300000
	25900000
	100000000
j	100000000
¶	100000000
	100000000
	100000000
Ԧ	100000000
	73900000
ݥ	36400000
	93300000
	78900000
٢	36500000
	78100000
	1670000
	87700000
Ĳ	97700000
	100000000
	62600000
	13900000
	13200000
	10900000
	100000000
	100000000
	100000000
	12200000
	69700000
	11500000
	86400000
n	747000
	100000000
	100000000
	22800000
	100000000
	18200000
	6250000
	100000000
	100000000
	1350000
	100000000
	100000000
ߦ	71400000
	775000
