	18600000
	100000000
	100000000
	100000000
	1970000
	100000000
	88200000
	100000000
Ħ	100000000
	90900000
	77900000
	48300000
	55000000
	100000000
߮	71700000
	100000000
	100000000
	3890000
	4930000
	100000000
	4070000
	100000000
[	20400000
	100000000
ʤ	100000000
	75900000
	73800000
	4700000
	100000000
	100000000
	75200000
	8870000
	78300000
	14700000
	4260000
	100000000
	5850000
	36900000
ɰ	100000000
	82600000
	100000000
	100000000
	100000000
	23400000
ѯ	100000000
	5100000
	100000000
	10300000
	100000000
	100000000
Q	39400000
	10100000
	7660000
^	839000
	93700000
ϱ	100000000
	72300000
	100000000
	79900000
	14300000
N	797000
	100000000
ѽ	100000000
	100000000
	100000000
	3760000
	87100000
	100000000
	100000000
	100000000
	100000000
	100000000
	40000000
	8460000
	85100000
	86500000
[	3390000
	100000000
	100000000
	100000000
	978000
	68200000
	100000000
	5830000
š	100000000
	100000000
	100000000
	70800000
	100000000
	953000
	86000000
	9010000
	9330000
	3250000
	100000000
	12500000
	89200000
	45100000
	32600000
	28000000
	61600000
	100000000
ݢ	14300000
ڝ	1440000
	100000000
c	100000000
	100000000
	13500000
	100000000
	100000000
	5410000
	30600000
B	66500000
	1580000
	4550000
	847000
	3710000
	100000000
N	815000
	41200000
	100000000
Ǌ	4130000
	100000000
	76900000
	100000000
	100000000
	100000000
	4360000
Ŭ	100000000
	100000000
ʱ	100000000
	29000000
	32500000
	100000000
	100000000
	100000000
	68100000
	100000000
	100000000
	3370000
	100000000
	89200000
	100000000
	92600000
	82000000
ɽ	100000000
	12300000
	74500000
G	100000000
	100000000
	74800000
	70000000
	1880000
	100000000
	100000000
	100000000
	100000000
	67700000
	16900000
׸	100000000
	100000000
	100000000
	1490000
	67300000
	58800000
	68900000
	25600000
	55800000
	24900000
	1790000
	11500000
	100000000
	6520000
	100000000
	69400000
̬	100000000
	74000000
١	69200000
	100000000
	91200000
	100000000
	100000000
	39500000
	20700000
	73500000
	100000000
	84400000
	100000000
ѭ	100000000
	73500000
	100000000
	7550000
	33200000
	100000000
E	524000
	100000000
	100000000
޽	73300000
	23600000
	100000000
	77900000
	100000000
s	779000
ͣ	100000000
	1920000
޼	55900000
V	6330000
	100000000
	89500000
	100000000
	100000000
Ѿ	100000000
	89200000
	100000000
	12800000
ݻ	32800000
	62400000
	6030000
ܹ	8250000
	7520000
	9870000
	100000000
	91600000
	67000000
Ļ	100000000
	82500000
	100000000
Ʃ	100000000
ʫ	100000000
	100000000
	7410000
Э	100000000
	3010000
	3840000
	77700000
F	1800000
	66500000
	49800000
	11900000
	100000000
W	100000000
	13300000
	3340000
	35700000
	65100000
	100000000
	100000000
	70100000
	26400000
	10200000
	100000000
	100000000
	832000
	100000000
m	493000
	100000000
ޯ	8440000
	9040000
	8770000
	100000000
	82700000
	88800000
	100000000
^	12100000
ü	100000000
	100000000
K	12900000
	96800000
	16000000
	3940000
	2650000
	38500000
	10700000
	74000000
	59700000
	81200000
	100000000
	69300000
۾	15800000
Ͷ	100000000
	100000000
M	52800000
	100000000
	82000000
	72400000
	100000000
£	100000000
	100000000
	100000000
	100000000
޾	14200000
	3780000
	80000000
	100000000
	100000000
	100000000
	100000000
̴	94100000
۸	4260000
	67000000
	40700000
	83100000
	73500000
	100000000
g	100000000
٤	79200000
	73800000
	1400000
	100000000
	63200000
ߣ	72700000
	13300000
	100000000
	76600000
	100000000
	1550000
	2780000
N	2260000
	100000000
	100000000
	100000000
³	100000000
	100000000
	100000000
	31900000
	77700000
Լ	100000000
	100000000
	76600000
	72600000
	4400000
	100000000
ԭ	100000000
	66400000
	82200000
	70500000
	100000000
Ӳ	100000000
	69800000
	43200000
	52400000
	100000000
ڧ	66100000
	100000000
	3040000
	4190000
	22900000
	58700000
	100000000
	22500000
	69000000
Ԥ	100000000
	5130000
	100000000
	100000000
	73400000
	100000000
	74800000
Ͱ	100000000
	100000000
N	65800000
	100000000
	42300000
	100000000
	100000000
	100000000
	97000000
	14400000
	72000000
	5450000
	65400000
	11300000
	100000000
	91000000
ſ	100000000
	80900000
	100000000
	81800000
	100000000
ð	100000000
	16100000
ҧ	100000000
	100000000
m	419000
	29400000
	30000000
	4920000
	16600000
	3870000
	10000000
ߨ	4200000
	100000000
ۧ	16300000
	100000000
	14000000
	5430000
ֹ	100000000
	100000000
	100000000
	96600000
	4690000
ϩ	100000000
v	374000
	62100000
	69000000
	100000000
ȸ	100000000
	6350000
	100000000
	100000000
	100000000
	82600000
	100000000
	93700000
	69900000
	86900000
	6010000
	6880000
	100000000
	100000000
Ц	100000000
	73500000
	10000000
	100000000
	100000000
	73600000
	100000000
	100000000
	100000000
	100000000
	28500000
	87400000
	100000000
	100000000
	100000000
	2280000
̲	100000000
	3410000
	27200000
	79400000
	98200000
֨	90300000
	74900000
	75000000
	100000000
	100000000
	64900000
	7060000
	71200000
	41200000
	90900000
	100000000
	68000000
	36700000
	100000000
ظ	11100000
	69000000
	5650000
	100000000
	3630000
	100000000
	2340000
ɲ	100000000
	100000000
	51900000
	100000000
	3870000
	83000000
ܽ	100000000
	100000000
	3630000
	72800000
	68700000
	100000000
	85300000
	100000000
	100000000
	68400000
	73500000
	93200000
	100000000
ô	100000000
q	18400000
	5830000
	100000000
	4820000
	75800000
	100000000
	78400000
	29300000
	7630000
	100000000
	23600000
	83900000
	100000000
	100000000
	100000000
	100000000
	81000000
	100000000
	17800000
	2520000
	77800000
	46700000
	100000000
ʥ	100000000
	8070000
	100000000
	50200000
	100000000
	66500000
	74000000
	100000000
	100000000
	100000000
	20800000
Ҭ	90800000
	4330000
	82100000
	100000000
	87000000
դ	100000000
	100000000
	54500000
	1130000
	100000000
	8400000
	3040000
	100000000
	100000000
	23600000
Ӥ	100000000
	15200000
Ʒ	100000000
	70200000
	18700000
ӣ	96600000
	7420000
	100000000
	100000000
	627000
\	40400000
	100000000
	89600000
	100000000
	32000000
	100000000
	100000000
	94500000
	91400000
	100000000
	100000000
	91100000
d	47700000
	69900000
	617000
	78600000
Ч	100000000
	5730000
	100000000
	1310000
	100000000
ҿ	61300000
	100000000
F	66700000
	12700000
	100000000
	4770000
	100000000
	24700000
	100000000
	335000
	21100000
	70200000
	100000000
	66800000
	69100000
	94700000
Ҷ	100000000
	70800000
	68200000
	100000000
ǫ	100000000
	24100000
	100000000
	10800000
	100000000
	100000000
	100000000
	100000000
	91300000
	100000000
	34500000
	23200000
	100000000
Ѵ	92500000
ز	88500000
	100000000
	100000000
	100000000
	100000000
ɳ	100000000
	77300000
ˢ	100000000
Һ	100000000
	79800000
	100000000
	100000000
צ	100000000
	76800000
	100000000
	10800000
	100000000
	100000000
	100000000
	100000000
	17700000
	92600000
	568000
	100000000
	12800000
̡	76900000
	51800000
	11200000
	74800000
Ԩ	100000000
ҹ	100000000
	19600000
	100000000
	100000000
	85500000
	74800000
	13000000
	100000000
	100000000
թ	100000000
	100000000
	100000000
	80700000
	7020000
	100000000
	72700000
	81300000
	37400000
	100000000
	100000000
	82800000
	67200000
	10200000
ބ	2480000
˻	100000000
g	16600000
	640000
	100000000
	72300000
	99200000
	68200000
	56800000
	100000000
	100000000
l	1490000
	100000000
	56600000
	44100000
ڷ	8840000
	100000000
ո	100000000
	83700000
	100000000
ʷ	100000000
	13000000
	78200000
	100000000
	94900000
	100000000
	6620000
	23300000
	66400000
	6380000
	100000000
	100000000
	94500000
ا	41600000
	15600000
o	416000
̭	100000000
	8190000
	100000000
	100000000
	61800000
	71000000
	19700000
	100000000
	100000000
	100000000
	4120000
	100000000
	8370000
	100000000
	5490000
	100000000
	93900000
	100000000
	67900000
	100000000
	1480000
	65400000
	100000000
	83000000
	14200000
	79500000
	71000000
	1930000
	100000000
ӧ	80300000
Ҩ	84500000
°	81100000
i	4440000
w	1590000
	5760000
	100000000
ּ	100000000
F	1170000
	6070000
	74100000
	15800000
	100000000
	73400000
	100000000
ޖ	1030000
	10300000
	100000000
	85500000
	26300000
֡	100000000
Ѥ	100000000
߫	3310000
	17900000
	67800000
	100000000
b	1130000
	77300000
I	383000
	100000000
	18000000
ܺ	72700000
	100000000
	2070000
	20500000
	100000000
ѳ	89100000
	100000000
	15900000
	7940000
	100000000
	86500000
	57900000
	100000000
	18900000
	100000000
	100000000
	26600000
	100000000
۬	41700000
	29200000
ݼ	73200000
T	100000000
	9040000
	73500000
	100000000
	19300000
t	1860000
	44900000
D	2440000
	100000000
	100000000
	100000000
	100000000
	100000000
׺	100000000
	100000000
	100000000
	100000000
	84500000
	93000000
	75700000
	100000000
ǣ	100000000
b	15300000
	100000000
	95600000
	10900000
	100000000
	7900000
	85500000
	77800000
	24900000
	28200000
ݽ	20800000
M	1810000
	77500000
	3540000
ީ	53400000
	4600000
ȳ	80000000
	100000000
	71100000
	76
	100000000
	100000000
	100000000
	67800000
	100000000
	100000000
	98400000
	3450000
	73500000
ƽ	100000000
	100000000
	100000000
w	100000000
ʧ	100000000
	76700000
	66100000
	14900000
	100000000
	66300000
	85300000
G	997000
	27600000
F	19500000
ެ	81600000
	100000000
	84000000
	36200000
	41400000
	100000000
	57800000
ձ	100000000
	38900000
	1500000
	3570000
	100000000
	8960000
ֻ	100000000
	6100000
	86400000
	740000
	84500000
	77200000
ܥ	61500000
{	2210000
	65600000
	100000000
	100000000
	100000000
	95900000
ý	100000000
	100000000
	5700000
	100000000
	69500000
	93300000
	100000000
	23700000
	8730000
	100000000
	3460000
	100000000
	100000000
	100000000
	100000000
	5530000
	100000000
	67300000
ϻ	83800000
	100000000
	5660000
	8600000
	80800000
	100000000
	60100000
	433000
	97200000
ͮ	82800000
	29700000
	100000000
	40100000
	59000000
	38600000
	100000000
	100000000
	75100000
	99900000
	80300000
ޱ	100000000
ɬ	100000000
B	253000
l	1500000
ų	100000000
ܦ	11300000
	84500000
	100000000
	97700000
	82900000
	85700000
	86200000
ʾ	100000000
	11400000
ĸ	100000000
	32500000
	79900000
ݱ	79900000
	8210000
	100000000
	84200000
r	984000
H	5390000
	100000000
	100000000
	5770000
	100000000
	80700000
и	100000000
	5890000
	17700000
ӵ	100000000
	45900000
	62000000
	100000000
	11000000
	100000000
	93500000
	100000000
	79300000
	65000000
չ	100000000
	78800000
O	3740000
	100000000
	89300000
	5210000
	89500000
	100000000
ƾ	100000000
	5880000
	67900000
Ŋ	876000
	538000
	100000000
	16300000
~	847000
	21200000
	100000000
]	7910000
	65300000
Ģ	100000000
v	554000
	99600000
|	19900000
	7620000
	80200000
	1400000
	16400000
	100000000
	100000000
	37600000
٩	87500000
	2020000
	100000000
	100000000
	100000000
	491000
	100000000
	71000000
	19800000
	4240000
ں	32000000
	100000000
	75300000
H	266000
	100000000
	100000000
	100000000
	100000000
	100000000
	100000000
	100000000
	17700000
	71400000
	100000000
	60600000
ʠ	4300000
	35000000
	70500000
	100000000
	4930000
A	593000
	51900000
	72500000
	100000000
	100000000
	64900000
θ	100000000
	100000000
	2000000
	53200000
	100000000
	16500000
	28200000
	68300000
	72700000
	100000000
	65300000
	100000000
	100000000
	35300000
	100000000
ջ	100000000
	9590000
	100000000
	100000000
	18300000
	7930000
	46100000
	100000000
	100000000
	100000000
	100000000
	100000000
	17300000
ֵ	100000000
	100000000
	5480000
	2180000
	90200000
	23100000
	100000000
	10200000
	100000000
	100000000
	100000000
	57100000
	1350000
	73600000
	100000000
	77300000
	10700000
	99800000
	100000000
	100000000
	64400000
g	6040000
	100000000
	6590000
·	100000000
	100000000
	12000000
	1770000
	75000000
	17900000
߭	5010000
	5390000
v	2850000
	42500000
	100000000
	100000000
ӥ	100000000
	100000000
ͷ	100000000
	2850000
	100000000
	82600000
ɣ	100000000
	14600000
ң	100000000
	100000000
	1740000
	100000000
	100000000
ƴ	100000000
	32200000
н	100000000
	100000000
	94000000
	85300000
Æ	532000
	86000000
Ƥ	100000000
	100000000
	41000000
Ƌ	1480000
	100000000
	17200000
έ	94000000
	4300000
	74000000
	3660000
	100000000
	88400000
	47500000
	4210000
	98900000
	100000000
	90200000
	100000000
n	1950000
ʳ	100000000
	100000000
	8650000
	2740000
	100000000
	22300000
b	2500000
	100000000
	100000000
	100000000
	100000000
q	918000
	100000000
	100000000
Ⱥ	100000000
	88300000
	100000000
߬	73500000
	5530000
ν	100000000
	100000000
	100000000
ޫ	5790000
	100000000
	2160000
	73900000
	100000000
	51000000
	88100000
	15800000
E	617000
	100000000
	419000
	100000000
	5110000
	67500000
	9030000
	100000000
	68600000
t	649000
	14200000
	84100000
	100000000
	20900000
	505000
	100000000
	100000000
	93600000
̻	87000000
	100000000
ߺ	73900000
	100000000
ޡ	25200000
	100000000
Ĩ	100000000
õ	100000000
	5400000
	100000000
	757000
	32600000
	100000000
׿	100000000
	100000000
	100000000
	100000000
λ	100000000
	80200000
	76600000
	70600000
	100000000
	100000000
	100000000
	29000000
	100000000
	3020000
`	826000
	423000
	2950000
	84100000
	100000000
	100000000
`	1090000
ۖ	1010000
Υ	100000000
ġ	100000000
	100000000
	2930000
ƶ	100000000
Ѽ	100000000
	12000000
	50
	67500000
	11500000
	100000000
	100000000
	100000000
ش	22000000
	12800000
	95200000
	100000000
	100000000
	73900000
	100000000
	17100000
є	860000
	100000000
	84900000
	3860000
Ԫ	100000000
	100000000
j	23600000
	96500000
	100000000
	77400000
é	100000000
	100000000
	16200000
	100000000
	25500000
	21700000
	5560000
	86900000
	100000000
ϸ	100000000
	68800000
	100000000
	19800000
	15700000
	100000000
	16500000
	100000000
	100000000
Ľ	100000000
ٽ	20600000
	21900000
	15600000
	15600000
	100000000
	10300000
	100000000
ȱ	100000000
	100000000
	77100000
	80900000
	100000000
	25000000
	73100000
§	94300000
ʹ	100000000
	100000000
	100000000
	27200000
	89000000
v	659000
۱	7590000
	98300000
	92300000
	5580000
	100000000
	100000000
	100000000
	100000000
	100000000
	100000000
	100000000
	52500000
	78700000
	100000000
	100000000
	72700000
	100000000
	100000000
	36500000
	581000
	77600000
	100000000
	100000000
̮	93000000
	100000000
	100000000
I	899000
	100000000
	100000000
	21000000
	54300000
	98400000
	44800000
	5970000
	23100000
	100000000
	100000000
	69300000
ѹ	100000000
	5180000
	91700000
	76700000
	6590000
	100000000
x	18300000
	33200000
	66600000
	49300000
	100000000
	100000000
	20300000
գ	100000000
ǽ	100000000
	81300000
	69400000
	425000
	3110000
	100000000
	100000000
	12900000
	47000000
	100000000
	100000000
	100000000
	6550000
	76200000
	15500000
	100000000
ٱ	24600000
	17800000
ټ	71300000
o	1190000
֪	100000000
	7920000
	38900000
	100000000
	100000000
	100000000
	100000000
	100000000
	19700000
Щ	100000000
	14300000
	67100000
	39000000
	100000000
	100000000
	75400000
	31800000
	13900000
N	405000
Ȅ	1920000
	100000000
	62000000
	100000000
	45900000
	100000000
	72100000
	100000000
п	100000000
	100000000
	9180000
	100000000
	73100000
˰	100000000
Ѫ	100000000
	34700000
	11700000
	100000000
	100000000
	100000000
	24900000
̰	100000000
ݣ	6820000
	100000000
	3820000
	7190000
	4940000
	8850000
ƹ	79500000
	14200000
	100000000
	64500000
	98600000
	100000000
	100000000
	1490000
	77300000
	100000000
	67300000
	100000000
	82100000
	84600000
	50500000
	38500000
	2530000
Ӷ	100000000
	49900000
	51600000
	26500000
	8400000
΢	100000000
	100000000
	70700000
I	12900000
T	1810000
	100000000
Y	485000
	100000000
	761000
	777000
¾	93400000
	42900000
֮	100000000
	39800000
	100000000
V	2220000
	2790000
	16500000
	100000000
	92100000
V	4070000
	100000000
|	436000
	84500000
ܮ	2490000
	72900000
	74700000
	100000000
	100000000
	84000000
	8250000
	100000000
	86500000
	2640000
d	7780000
	70000000
	5580000
з	100000000
¬	100000000
	70700000
	68100000
	3350000
	9300000
	79500000
ٮ	77500000
	28400000
	68800000
	67900000
	14000000
	1830000
׾	100000000
	100000000
	100000000
	100000000
	528000
	76200000
	100000000
ш	941000
	10700000
	100000000
	100000000
ħ	100000000
	100000000
}	367000
	31800000
ڹ	100000000
ާ	71800000
٫	5680000
	90200000
խ	100000000
	35600000
	14900000
	100000000
	15500000
	81200000
ի	100000000
	35
	100000000
	19500000
	100000000
	100000000
	100000000
	100000000
	94600000
	6100000
X	604000
Ь	100000000
ͤ	100000000
	4380000
ˤ	100000000
ì	100000000
	100000000
	100000000
	70900000
	100000000
ݰ	73000000
	37900000
	74500000
